0 1
0 2
0 4
0 6
0 7
0 8
0 9
0 11
0 12
0 13
0 15
0 16
0 17
0 19
0 20
0 21
0 22
0 23
0 24
0 25
0 26
0 27
0 28
0 29
0 30
0 32
0 33
0 34
0 35
0 36
0 37
0 38
0 39
0 40
0 41
0 42
0 44
0 45
0 46
0 47
0 48
0 49
0 50
0 51
0 52
0 53
0 54
0 55
0 56
0 57
0 58
0 68
0 69
0 70
0 73
0 74
0 78
0 95
0 136
0 141
0 144
0 145
0 155
0 157
0 168
0 173
0 174
0 175
0 176
1 2
1 4
1 6
1 7
1 8
1 9
1 11
1 12
1 13
1 15
1 16
1 17
1 19
1 20
1 21
1 22
1 23
1 24
1 25
1 26
1 27
1 28
1 29
1 30
1 32
1 33
1 34
1 35
1 36
1 37
1 38
1 39
1 40
1 41
1 42
1 44
1 45
1 46
1 47
1 48
1 49
1 50
1 51
1 52
1 53
1 54
1 55
1 56
1 57
1 58
1 68
1 69
1 70
1 73
1 74
1 78
1 81
1 95
1 100
1 136
1 141
1 144
1 145
1 155
1 157
1 168
1 173
1 174
1 175
1 176
2 3
2 5
2 6
2 7
2 8
2 9
2 10
2 11
2 12
2 13
2 15
2 16
2 17
2 19
2 22
2 23
2 24
2 26
2 27
2 28
2 29
2 30
2 31
2 32
2 33
2 34
2 35
2 36
2 37
2 38
2 41
2 42
2 44
2 45
2 46
2 47
2 48
2 49
2 50
2 51
2 52
2 53
2 54
2 55
2 56
2 57
2 58
2 70
2 73
2 74
2 95
2 144
2 157
2 175
2 176
3 5
3 6
3 7
3 10
3 11
3 12
3 13
3 14
3 15
3 16
3 17
3 18
3 26
3 27
3 30
3 31
3 33
3 49
3 50
3 51
3 52
3 53
3 57
3 58
4 8
4 9
4 19
4 20
4 21
4 22
4 23
4 24
4 25
4 28
4 29
4 32
4 35
4 36
4 38
4 39
4 40
4 41
4 43
4 44
4 45
4 46
4 47
4 48
4 54
4 56
4 59
4 60
4 61
4 62
4 63
4 65
4 66
4 67
4 68
4 69
4 70
4 71
4 72
4 73
4 74
4 75
4 76
4 77
4 78
4 79
4 81
4 82
4 83
4 84
4 85
4 86
4 87
4 88
4 89
4 90
4 91
4 92
4 95
4 96
4 97
4 98
4 99
4 100
4 101
4 102
4 103
4 104
4 106
4 107
4 109
4 110
4 112
4 113
4 114
4 115
4 116
4 119
4 120
4 121
4 127
4 129
4 130
4 131
4 132
4 133
4 134
4 135
4 136
4 137
4 138
4 139
4 140
4 141
4 142
4 143
4 144
4 145
4 146
4 147
4 148
4 149
4 150
4 151
4 152
4 153
4 154
4 155
4 156
4 157
4 158
4 159
4 160
4 161
4 162
4 163
4 164
4 165
4 166
4 167
4 168
4 169
4 170
4 171
4 172
4 173
4 174
4 175
4 176
4 177
5 6
5 7
5 10
5 11
5 12
5 13
5 14
5 15
5 16
5 17
5 18
5 26
5 27
5 30
5 31
5 33
5 37
5 49
5 50
5 51
5 52
5 53
5 55
5 57
5 58
6 7
6 8
6 9
6 10
6 11
6 12
6 13
6 14
6 15
6 16
6 17
6 22
6 23
6 26
6 27
6 29
6 30
6 31
6 32
6 33
6 34
6 37
6 38
6 41
6 42
6 45
6 46
6 47
6 48
6 49
6 50
6 51
6 52
6 53
6 54
6 55
6 56
6 57
6 58
6 73
7 8
7 9
7 10
7 11
7 12
7 13
7 14
7 15
7 16
7 17
7 22
7 23
7 26
7 27
7 29
7 30
7 31
7 32
7 33
7 34
7 37
7 38
7 41
7 42
7 45
7 46
7 47
7 48
7 49
7 50
7 51
7 52
7 53
7 54
7 55
7 56
7 57
7 58
7 73
8 9
8 11
8 12
8 13
8 15
8 16
8 17
8 19
8 20
8 21
8 22
8 23
8 24
8 25
8 26
8 27
8 28
8 29
8 30
8 32
8 33
8 34
8 35
8 36
8 37
8 38
8 39
8 40
8 41
8 42
8 44
8 45
8 46
8 47
8 48
8 49
8 50
8 51
8 52
8 53
8 54
8 55
8 56
8 57
8 58
8 68
8 69
8 70
8 73
8 74
8 78
8 81
8 95
8 100
8 135
8 136
8 141
8 144
8 145
8 155
8 157
8 166
8 168
8 173
8 174
8 175
8 176
9 11
9 12
9 13
9 15
9 16
9 17
9 19
9 20
9 21
9 22
9 23
9 24
9 25
9 26
9 27
9 28
9 29
9 30
9 32
9 33
9 34
9 35
9 36
9 37
9 38
9 39
9 40
9 41
9 42
9 44
9 45
9 46
9 47
9 48
9 49
9 50
9 51
9 52
9 53
9 54
9 55
9 56
9 57
9 58
9 68
9 69
9 70
9 73
9 74
9 78
9 81
9 95
9 100
9 135
9 136
9 141
9 144
9 145
9 155
9 157
9 166
9 168
9 173
9 174
9 175
9 176
10 11
10 12
10 14
10 15
10 16
10 18
10 26
10 27
10 30
10 31
10 33
10 49
10 51
10 52
10 53
10 57
10 58
11 12
11 13
11 14
11 15
11 16
11 17
11 22
11 23
11 26
11 27
11 29
11 30
11 31
11 32
11 33
11 34
11 37
11 38
11 41
11 42
11 45
11 46
11 47
11 48
11 49
11 50
11 51
11 52
11 53
11 54
11 55
11 56
11 57
11 58
11 73
11 95
12 13
12 14
12 15
12 16
12 17
12 22
12 23
12 26
12 27
12 29
12 30
12 31
12 32
12 33
12 34
12 37
12 38
12 41
12 42
12 45
12 46
12 47
12 48
12 49
12 50
12 51
12 52
12 53
12 54
12 55
12 56
12 57
12 58
12 73
13 15
13 16
13 17
13 19
13 22
13 23
13 24
13 25
13 26
13 27
13 28
13 29
13 30
13 32
13 33
13 34
13 35
13 36
13 37
13 38
13 41
13 42
13 44
13 45
13 46
13 47
13 48
13 49
13 50
13 51
13 52
13 53
13 54
13 55
13 56
13 57
13 58
13 70
13 73
13 74
13 95
13 144
13 145
13 157
13 175
13 176
14 15
14 16
14 18
14 26
14 27
14 30
14 31
14 33
14 49
14 51
14 53
14 57
14 58
15 16
15 17
15 22
15 23
15 26
15 27
15 29
15 30
15 31
15 32
15 33
15 34
15 37
15 38
15 41
15 42
15 45
15 46
15 47
15 48
15 49
15 50
15 51
15 52
15 53
15 54
15 55
15 56
15 57
15 58
15 73
16 17
16 22
16 23
16 26
16 27
16 29
16 30
16 31
16 32
16 33
16 34
16 37
16 38
16 41
16 42
16 45
16 46
16 47
16 48
16 49
16 50
16 51
16 52
16 53
16 54
16 55
16 56
16 57
16 58
16 73
16 95
17 19
17 20
17 22
17 23
17 24
17 25
17 26
17 27
17 28
17 29
17 30
17 32
17 33
17 34
17 35
17 36
17 37
17 38
17 40
17 41
17 42
17 44
17 45
17 46
17 47
17 48
17 49
17 50
17 51
17 52
17 53
17 54
17 55
17 56
17 57
17 58
17 70
17 73
17 74
17 95
17 141
17 144
17 145
17 157
17 175
17 176
18 31
18 53
19 20
19 21
19 22
19 23
19 24
19 25
19 26
19 28
19 29
19 32
19 34
19 35
19 36
19 37
19 38
19 39
19 40
19 41
19 42
19 43
19 44
19 45
19 46
19 47
19 48
19 50
19 52
19 54
19 55
19 56
19 59
19 60
19 62
19 65
19 66
19 67
19 68
19 69
19 70
19 73
19 74
19 77
19 78
19 81
19 82
19 83
19 84
19 86
19 87
19 88
19 89
19 92
19 95
19 96
19 98
19 100
19 101
19 104
19 106
19 109
19 110
19 112
19 116
19 119
19 120
19 129
19 130
19 131
19 132
19 133
19 134
19 135
19 136
19 137
19 138
19 139
19 140
19 141
19 142
19 143
19 144
19 145
19 147
19 148
19 149
19 150
19 153
19 154
19 155
19 157
19 158
19 159
19 160
19 161
19 162
19 163
19 164
19 165
19 166
19 167
19 168
19 169
19 170
19 172
19 173
19 174
19 175
19 176
19 177
20 21
20 22
20 23
20 24
20 25
20 28
20 29
20 32
20 34
20 35
20 36
20 37
20 38
20 39
20 40
20 41
20 42
20 43
20 44
20 45
20 46
20 47
20 48
20 54
20 55
20 56
20 59
20 60
20 61
20 62
20 65
20 66
20 67
20 68
20 69
20 70
20 72
20 73
20 74
20 77
20 78
20 79
20 81
20 82
20 83
20 84
20 85
20 86
20 87
20 88
20 89
20 90
20 91
20 92
20 95
20 96
20 98
20 100
20 101
20 102
20 104
20 106
20 107
20 109
20 110
20 112
20 113
20 116
20 119
20 120
20 121
20 127
20 129
20 130
20 131
20 132
20 133
20 134
20 135
20 136
20 137
20 138
20 139
20 140
20 141
20 142
20 143
20 144
20 145
20 147
20 148
20 149
20 150
20 151
20 153
20 154
20 155
20 156
20 157
20 158
20 159
20 160
20 161
20 162
20 163
20 164
20 165
20 166
20 167
20 168
20 169
20 170
20 171
20 172
20 173
20 174
20 175
20 176
20 177
21 22
21 23
21 24
21 25
21 28
21 29
21 32
21 34
21 35
21 36
21 37
21 38
21 39
21 40
21 41
21 42
21 43
21 44
21 45
21 46
21 47
21 48
21 54
21 55
21 56
21 59
21 60
21 61
21 62
21 63
21 65
21 66
21 67
21 68
21 69
21 70
21 72
21 73
21 74
21 75
21 77
21 78
21 79
21 81
21 82
21 83
21 84
21 85
21 86
21 87
21 88
21 89
21 90
21 91
21 92
21 95
21 96
21 97
21 98
21 100
21 101
21 102
21 104
21 106
21 107
21 109
21 110
21 112
21 113
21 116
21 119
21 120
21 121
21 127
21 129
21 130
21 131
21 132
21 133
21 134
21 135
21 136
21 137
21 138
21 139
21 140
21 141
21 142
21 143
21 144
21 145
21 147
21 148
21 149
21 150
21 151
21 152
21 153
21 154
21 155
21 156
21 157
21 158
21 159
21 160
21 161
21 162
21 163
21 164
21 165
21 166
21 167
21 168
21 169
21 170
21 171
21 172
21 173
21 174
21 175
21 176
21 177
22 23
22 24
22 25
22 26
22 27
22 28
22 29
22 30
22 32
22 33
22 34
22 35
22 36
22 37
22 38
22 39
22 40
22 41
22 42
22 44
22 45
22 46
22 47
22 48
22 49
22 50
22 51
22 52
22 53
22 54
22 55
22 56
22 57
22 58
22 68
22 69
22 70
22 73
22 74
22 78
22 81
22 95
22 100
22 135
22 136
22 141
22 144
22 145
22 155
22 157
22 166
22 167
22 168
22 173
22 174
22 175
22 176
23 24
23 25
23 26
23 27
23 28
23 29
23 30
23 32
23 33
23 34
23 35
23 36
23 37
23 38
23 39
23 40
23 41
23 42
23 43
23 44
23 45
23 46
23 47
23 48
23 49
23 50
23 51
23 52
23 54
23 55
23 56
23 57
23 58
23 60
23 65
23 68
23 69
23 70
23 73
23 74
23 78
23 81
23 88
23 95
23 100
23 104
23 109
23 135
23 136
23 141
23 144
23 145
23 153
23 155
23 157
23 161
23 163
23 166
23 167
23 168
23 173
23 174
23 175
23 176
24 25
24 26
24 28
24 29
24 32
24 34
24 35
24 36
24 37
24 38
24 39
24 40
24 41
24 42
24 43
24 44
24 45
24 46
24 47
24 48
24 50
24 52
24 54
24 55
24 56
24 59
24 60
24 62
24 65
24 66
24 67
24 68
24 69
24 70
24 73
24 74
24 77
24 78
24 81
24 82
24 83
24 84
24 86
24 87
24 88
24 89
24 92
24 95
24 96
24 98
24 100
24 101
24 104
24 106
24 109
24 110
24 112
24 116
24 119
24 120
24 129
24 130
24 131
24 132
24 133
24 134
24 135
24 136
24 137
24 138
24 139
24 140
24 141
24 142
24 143
24 144
24 145
24 147
24 148
24 149
24 150
24 153
24 154
24 155
24 157
24 158
24 159
24 160
24 161
24 162
24 163
24 164
24 165
24 166
24 167
24 168
24 169
24 170
24 172
24 173
24 174
24 175
24 176
24 177
25 28
25 29
25 32
25 34
25 35
25 36
25 37
25 38
25 39
25 40
25 41
25 42
25 43
25 44
25 45
25 46
25 47
25 48
25 50
25 54
25 55
25 56
25 59
25 60
25 62
25 65
25 66
25 67
25 68
25 69
25 70
25 73
25 74
25 77
25 78
25 81
25 82
25 83
25 84
25 86
25 87
25 88
25 89
25 92
25 95
25 96
25 98
25 100
25 101
25 104
25 106
25 107
25 109
25 110
25 112
25 116
25 119
25 120
25 129
25 130
25 131
25 132
25 133
25 134
25 135
25 136
25 137
25 138
25 139
25 140
25 141
25 142
25 143
25 144
25 145
25 147
25 148
25 149
25 150
25 151
25 153
25 154
25 155
25 156
25 157
25 158
25 159
25 160
25 161
25 162
25 163
25 164
25 165
25 166
25 167
25 168
25 169
25 170
25 172
25 173
25 174
25 175
25 176
25 177
26 27
26 28
26 29
26 30
26 31
26 32
26 33
26 34
26 35
26 36
26 37
26 38
26 41
26 42
26 44
26 45
26 46
26 47
26 48
26 49
26 50
26 51
26 52
26 53
26 54
26 55
26 56
26 57
26 58
26 70
26 73
26 74
26 95
26 144
26 157
27 29
27 30
27 31
27 32
27 33
27 34
27 37
27 38
27 41
27 42
27 45
27 46
27 47
27 48
27 49
27 50
27 51
27 52
27 53
27 54
27 55
27 56
27 57
27 58
27 73
28 29
28 32
28 33
28 34
28 35
28 36
28 37
28 38
28 39
28 40
28 41
28 42
28 43
28 44
28 45
28 46
28 47
28 48
28 49
28 50
28 51
28 52
28 54
28 55
28 56
28 60
28 62
28 65
28 68
28 69
28 70
28 73
28 74
28 78
28 81
28 82
28 88
28 89
28 95
28 96
28 98
28 100
28 104
28 109
28 112
28 119
28 120
28 129
28 130
28 133
28 134
28 135
28 136
28 138
28 139
28 140
28 141
28 144
28 145
28 147
28 148
28 153
28 154
28 155
28 157
28 158
28 159
28 161
28 162
28 163
28 164
28 166
28 167
28 168
28 169
28 172
28 173
28 174
28 175
28 176
29 30
29 32
29 33
29 34
29 35
29 36
29 37
29 38
29 39
29 40
29 41
29 42
29 44
29 45
29 46
29 47
29 48
29 49
29 50
29 51
29 52
29 53
29 54
29 55
29 56
29 57
29 58
29 68
29 69
29 70
29 73
29 74
29 78
29 81
29 95
29 100
29 135
29 136
29 141
29 144
29 145
29 155
29 157
29 166
29 167
29 168
29 173
29 174
29 175
29 176
30 31
30 32
30 33
30 34
30 37
30 38
30 41
30 42
30 45
30 46
30 47
30 48
30 49
30 50
30 51
30 52
30 53
30 54
30 55
30 56
30 57
30 58
30 73
31 33
31 49
31 51
31 52
31 53
31 57
31 58
32 33
32 34
32 35
32 36
32 37
32 38
32 39
32 40
32 41
32 42
32 43
32 44
32 45
32 46
32 47
32 48
32 49
32 50
32 51
32 52
32 54
32 55
32 56
32 57
32 58
32 60
32 65
32 68
32 69
32 70
32 73
32 74
32 78
32 81
32 88
32 95
32 98
32 100
32 104
32 109
32 134
32 135
32 136
32 141
32 144
32 145
32 148
32 153
32 154
32 155
32 157
32 158
32 161
32 163
32 166
32 167
32 168
32 172
32 173
32 174
32 175
32 176
33 34
33 35
33 37
33 38
33 41
33 42
33 44
33 45
33 46
33 47
33 48
33 49
33 50
33 51
33 52
33 53
33 54
33 55
33 56
33 57
33 58
33 73
33 74
33 95
34 35
34 36
34 37
34 38
34 39
34 40
34 41
34 42
34 44
34 45
34 46
34 47
34 48
34 49
34 50
34 51
34 52
34 53
34 54
34 55
34 56
34 57
34 58
34 68
34 70
34 73
34 74
34 78
34 95
34 141
34 144
34 145
34 157
34 168
34 174
34 175
34 176
35 36
35 37
35 38
35 39
35 40
35 41
35 42
35 43
35 44
35 45
35 46
35 47
35 48
35 49
35 50
35 51
35 52
35 54
35 55
35 56
35 57
35 60
35 62
35 65
35 68
35 69
35 70
35 73
35 74
35 78
35 81
35 82
35 88
35 89
35 95
35 96
35 98
35 100
35 104
35 109
35 112
35 120
35 129
35 130
35 133
35 134
35 135
35 136
35 138
35 139
35 140
35 141
35 144
35 145
35 147
35 148
35 153
35 154
35 155
35 157
35 158
35 159
35 161
35 162
35 163
35 164
35 166
35 167
35 168
35 169
35 172
35 173
35 174
35 175
35 176
36 37
36 38
36 39
36 40
36 41
36 42
36 43
36 44
36 45
36 46
36 47
36 48
36 50
36 52
36 54
36 55
36 56
36 60
36 62
36 65
36 68
36 69
36 70
36 73
36 74
36 78
36 81
36 82
36 87
36 88
36 89
36 95
36 96
36 98
36 100
36 101
36 104
36 109
36 110
36 112
36 119
36 120
36 129
36 130
36 131
36 132
36 133
36 134
36 135
36 136
36 138
36 139
36 140
36 141
36 143
36 144
36 145
36 147
36 148
36 149
36 153
36 154
36 155
36 157
36 158
36 159
36 161
36 162
36 163
36 164
36 166
36 167
36 168
36 169
36 172
36 173
36 174
36 175
36 176
36 177
37 38
37 39
37 40
37 41
37 42
37 44
37 45
37 46
37 47
37 48
37 49
37 50
37 51
37 52
37 53
37 54
37 55
37 56
37 57
37 58
37 70
37 73
37 74
37 95
37 141
37 144
37 145
37 157
37 175
37 176
38 39
38 40
38 41
38 42
38 43
38 44
38 45
38 46
38 47
38 48
38 49
38 50
38 51
38 52
38 54
38 55
38 56
38 57
38 58
38 60
38 65
38 68
38 69
38 70
38 73
38 74
38 78
38 81
38 88
38 95
38 100
38 104
38 109
38 135
38 136
38 141
38 144
38 145
38 153
38 155
38 157
38 161
38 163
38 166
38 167
38 168
38 173
38 174
38 175
38 176
39 40
39 41
39 42
39 43
39 44
39 45
39 46
39 47
39 48
39 54
39 56
39 59
39 60
39 61
39 62
39 63
39 65
39 66
39 67
39 68
39 69
39 70
39 72
39 73
39 74
39 75
39 77
39 78
39 79
39 81
39 82
39 83
39 84
39 85
39 86
39 87
39 88
39 89
39 90
39 91
39 92
39 95
39 96
39 97
39 98
39 100
39 101
39 102
39 103
39 104
39 106
39 107
39 109
39 110
39 112
39 113
39 116
39 119
39 120
39 121
39 127
39 129
39 130
39 131
39 132
39 133
39 134
39 135
39 136
39 137
39 138
39 139
39 140
39 141
39 142
39 143
39 144
39 145
39 146
39 147
39 148
39 149
39 150
39 151
39 152
39 153
39 154
39 155
39 156
39 157
39 158
39 159
39 160
39 161
39 162
39 163
39 164
39 165
39 166
39 167
39 168
39 169
39 170
39 171
39 172
39 173
39 174
39 175
39 176
39 177
40 41
40 42
40 43
40 44
40 45
40 46
40 47
40 48
40 54
40 55
40 56
40 59
40 60
40 61
40 62
40 65
40 66
40 67
40 68
40 69
40 70
40 72
40 73
40 74
40 77
40 78
40 79
40 81
40 82
40 83
40 84
40 85
40 86
40 87
40 88
40 89
40 90
40 91
40 92
40 95
40 96
40 98
40 100
40 101
40 104
40 106
40 107
40 109
40 110
40 112
40 116
40 119
40 120
40 121
40 127
40 129
40 130
40 131
40 132
40 133
40 134
40 135
40 136
40 137
40 138
40 139
40 140
40 141
40 142
40 143
40 144
40 145
40 147
40 148
40 149
40 150
40 151
40 153
40 154
40 155
40 156
40 157
40 158
40 159
40 160
40 161
40 162
40 163
40 164
40 165
40 166
40 167
40 168
40 169
40 170
40 171
40 172
40 173
40 174
40 175
40 176
40 177
41 42
41 44
41 45
41 46
41 47
41 48
41 49
41 50
41 51
41 52
41 53
41 54
41 55
41 56
41 57
41 58
41 68
41 69
41 70
41 73
41 74
41 78
41 81
41 95
41 100
41 135
41 136
41 141
41 144
41 145
41 155
41 157
41 166
41 167
41 168
41 173
41 174
41 175
41 176
42 44
42 45
42 46
42 47
42 48
42 49
42 50
42 51
42 52
42 53
42 54
42 55
42 56
42 57
42 58
42 68
42 70
42 73
42 74
42 78
42 95
42 141
42 144
42 145
42 157
42 168
42 174
42 175
42 176
43 44
43 47
43 56
43 59
43 60
43 61
43 62
43 63
43 64
43 65
43 66
43 67
43 68
43 69
43 70
43 71
43 72
43 73
43 74
43 75
43 76
43 77
43 78
43 79
43 81
43 82
43 83
43 84
43 85
43 86
43 87
43 88
43 89
43 90
43 91
43 92
43 94
43 95
43 96
43 97
43 98
43 99
43 100
43 101
43 102
43 103
43 104
43 106
43 107
43 109
43 110
43 112
43 113
43 114
43 115
43 116
43 117
43 118
43 119
43 120
43 121
43 122
43 123
43 124
43 125
43 126
43 127
43 128
43 129
43 130
43 131
43 132
43 133
43 134
43 135
43 136
43 137
43 138
43 139
43 140
43 141
43 142
43 143
43 144
43 145
43 146
43 147
43 148
43 149
43 150
43 151
43 152
43 153
43 154
43 155
43 156
43 157
43 158
43 159
43 160
43 161
43 162
43 163
43 164
43 165
43 166
43 167
43 168
43 169
43 170
43 171
43 172
43 173
43 174
43 175
43 176
43 177
44 45
44 46
44 47
44 48
44 50
44 52
44 54
44 55
44 56
44 60
44 62
44 65
44 68
44 69
44 70
44 73
44 74
44 78
44 81
44 82
44 87
44 88
44 89
44 95
44 96
44 98
44 100
44 101
44 104
44 109
44 110
44 112
44 119
44 120
44 129
44 130
44 132
44 133
44 134
44 135
44 136
44 138
44 139
44 140
44 141
44 143
44 144
44 145
44 147
44 148
44 149
44 153
44 154
44 155
44 157
44 158
44 159
44 161
44 162
44 163
44 164
44 166
44 167
44 168
44 169
44 172
44 173
44 174
44 175
44 176
44 177
45 46
45 47
45 48
45 49
45 50
45 51
45 52
45 53
45 54
45 55
45 56
45 57
45 58
45 68
45 70
45 73
45 74
45 78
45 95
45 141
45 144
45 145
45 157
45 168
45 173
45 174
45 175
45 176
46 47
46 48
46 49
46 50
46 51
46 52
46 53
46 54
46 55
46 56
46 57
46 58
46 68
46 69
46 70
46 73
46 74
46 78
46 81
46 95
46 136
46 141
46 144
46 145
46 155
46 157
46 168
46 173
46 174
46 175
46 176
47 48
47 49
47 50
47 51
47 52
47 54
47 55
47 56
47 57
47 58
47 60
47 65
47 68
47 69
47 70
47 73
47 74
47 78
47 81
47 88
47 95
47 98
47 100
47 104
47 109
47 134
47 135
47 136
47 141
47 144
47 145
47 148
47 153
47 154
47 155
47 157
47 158
47 161
47 163
47 166
47 167
47 168
47 172
47 173
47 174
47 175
47 176
48 49
48 50
48 51
48 52
48 53
48 54
48 55
48 56
48 57
48 58
48 68
48 69
48 70
48 73
48 74
48 78
48 81
48 95
48 100
48 136
48 141
48 144
48 145
48 155
48 157
48 168
48 173
48 174
48 175
48 176
49 50
49 51
49 52
49 53
49 54
49 55
49 56
49 57
49 58
49 73
49 95
50 51
50 52
50 53
50 54
50 55
50 56
50 57
50 58
50 70
50 73
50 74
50 95
50 144
50 145
50 157
50 175
50 176
51 52
51 53
51 54
51 55
51 56
51 57
51 58
51 73
51 95
52 53
52 54
52 55
52 56
52 57
52 58
52 70
52 73
52 74
52 95
52 144
52 157
52 176
53 54
53 55
53 57
53 58
54 55
54 56
54 57
54 58
54 68
54 69
54 70
54 73
54 74
54 78
54 81
54 95
54 100
54 136
54 141
54 144
54 145
54 155
54 157
54 168
54 173
54 174
54 175
54 176
55 56
55 57
55 58
55 70
55 73
55 74
55 95
55 141
55 144
55 145
55 157
55 175
55 176
56 57
56 58
56 60
56 62
56 65
56 68
56 69
56 70
56 73
56 74
56 78
56 81
56 82
56 88
56 89
56 95
56 96
56 98
56 100
56 104
56 109
56 120
56 130
56 134
56 135
56 136
56 141
56 144
56 145
56 147
56 148
56 153
56 154
56 155
56 157
56 158
56 159
56 161
56 163
56 166
56 167
56 168
56 169
56 172
56 173
56 174
56 175
56 176
57 58
57 73
57 95
58 73
58 95
59 60
59 61
59 62
59 63
59 64
59 65
59 66
59 67
59 68
59 69
59 70
59 71
59 72
59 75
59 76
59 77
59 78
59 79
59 80
59 81
59 82
59 83
59 84
59 85
59 86
59 87
59 88
59 89
59 90
59 91
59 92
59 93
59 94
59 96
59 97
59 98
59 99
59 100
59 101
59 102
59 103
59 104
59 105
59 106
59 107
59 108
59 109
59 110
59 111
59 112
59 113
59 114
59 115
59 116
59 117
59 118
59 119
59 120
59 121
59 122
59 123
59 124
59 125
59 126
59 127
59 128
59 129
59 130
59 131
59 132
59 133
59 134
59 135
59 136
59 137
59 138
59 139
59 140
59 141
59 142
59 143
59 144
59 145
59 146
59 147
59 148
59 149
59 150
59 151
59 152
59 153
59 154
59 155
59 156
59 158
59 159
59 160
59 161
59 162
59 163
59 164
59 165
59 166
59 167
59 168
59 169
59 170
59 171
59 172
59 173
59 174
59 175
59 176
59 177
60 61
60 62
60 63
60 64
60 65
60 66
60 67
60 68
60 69
60 70
60 71
60 72
60 73
60 74
60 75
60 76
60 77
60 78
60 79
60 81
60 82
60 83
60 84
60 85
60 86
60 87
60 88
60 89
60 90
60 91
60 92
60 94
60 95
60 96
60 97
60 98
60 99
60 100
60 101
60 102
60 103
60 104
60 106
60 107
60 109
60 110
60 112
60 113
60 114
60 115
60 116
60 117
60 118
60 119
60 120
60 121
60 122
60 123
60 124
60 125
60 126
60 127
60 128
60 129
60 130
60 131
60 132
60 133
60 134
60 135
60 136
60 137
60 138
60 139
60 140
60 141
60 142
60 143
60 144
60 145
60 146
60 147
60 148
60 149
60 150
60 151
60 152
60 153
60 154
60 155
60 156
60 157
60 158
60 159
60 160
60 161
60 162
60 163
60 164
60 165
60 166
60 167
60 168
60 169
60 170
60 171
60 172
60 173
60 174
60 175
60 176
60 177
61 62
61 63
61 64
61 65
61 66
61 67
61 68
61 69
61 71
61 72
61 75
61 76
61 77
61 78
61 79
61 80
61 81
61 82
61 83
61 84
61 85
61 86
61 87
61 88
61 89
61 90
61 91
61 92
61 93
61 94
61 96
61 97
61 98
61 99
61 100
61 101
61 102
61 103
61 104
61 105
61 106
61 107
61 108
61 109
61 110
61 111
61 112
61 113
61 114
61 115
61 116
61 117
61 118
61 119
61 120
61 121
61 122
61 123
61 124
61 125
61 126
61 127
61 128
61 129
61 130
61 131
61 132
61 133
61 134
61 135
61 136
61 137
61 138
61 139
61 140
61 141
61 142
61 143
61 146
61 147
61 148
61 149
61 150
61 151
61 152
61 153
61 154
61 155
61 156
61 158
61 159
61 160
61 161
61 162
61 163
61 164
61 165
61 166
61 167
61 168
61 169
61 170
61 171
61 172
61 173
61 174
61 177
62 63
62 64
62 65
62 66
62 67
62 68
62 69
62 70
62 71
62 72
62 74
62 75
62 76
62 77
62 78
62 79
62 80
62 81
62 82
62 83
62 84
62 85
62 86
62 87
62 88
62 89
62 90
62 91
62 92
62 93
62 94
62 95
62 96
62 97
62 98
62 99
62 100
62 101
62 102
62 103
62 104
62 105
62 106
62 107
62 108
62 109
62 110
62 111
62 112
62 113
62 114
62 115
62 116
62 117
62 118
62 119
62 120
62 121
62 122
62 123
62 124
62 125
62 126
62 127
62 128
62 129
62 130
62 131
62 132
62 133
62 134
62 135
62 136
62 137
62 138
62 139
62 140
62 141
62 142
62 143
62 144
62 145
62 146
62 147
62 148
62 149
62 150
62 151
62 152
62 153
62 154
62 155
62 156
62 157
62 158
62 159
62 160
62 161
62 162
62 163
62 164
62 165
62 166
62 167
62 168
62 169
62 170
62 171
62 172
62 173
62 174
62 175
62 176
62 177
63 64
63 65
63 66
63 67
63 68
63 69
63 71
63 72
63 75
63 76
63 77
63 78
63 79
63 80
63 81
63 82
63 83
63 84
63 85
63 86
63 87
63 88
63 89
63 90
63 91
63 92
63 93
63 94
63 96
63 97
63 98
63 99
63 100
63 101
63 102
63 103
63 104
63 105
63 106
63 107
63 108
63 109
63 110
63 111
63 112
63 113
63 114
63 115
63 116
63 117
63 118
63 119
63 120
63 121
63 122
63 123
63 124
63 125
63 126
63 127
63 128
63 129
63 130
63 131
63 132
63 133
63 134
63 135
63 136
63 137
63 138
63 139
63 140
63 142
63 143
63 146
63 147
63 148
63 149
63 150
63 151
63 152
63 153
63 154
63 155
63 156
63 158
63 159
63 160
63 161
63 162
63 163
63 164
63 165
63 166
63 167
63 168
63 169
63 170
63 171
63 172
63 173
63 174
63 177
64 65
64 66
64 67
64 71
64 72
64 75
64 76
64 77
64 79
64 80
64 82
64 83
64 84
64 85
64 86
64 87
64 88
64 89
64 90
64 91
64 92
64 93
64 94
64 96
64 97
64 98
64 99
64 101
64 102
64 103
64 104
64 105
64 106
64 107
64 108
64 109
64 110
64 111
64 112
64 113
64 114
64 115
64 116
64 117
64 118
64 119
64 120
64 121
64 122
64 123
64 124
64 125
64 126
64 127
64 128
64 129
64 130
64 131
64 132
64 133
64 134
64 135
64 137
64 138
64 139
64 140
64 142
64 143
64 146
64 147
64 148
64 149
64 150
64 151
64 152
64 153
64 154
64 156
64 158
64 159
64 160
64 161
64 162
64 163
64 164
64 165
64 166
64 167
64 169
64 170
64 171
64 172
64 177
65 66
65 67
65 68
65 69
65 70
65 71
65 72
65 73
65 74
65 75
65 76
65 77
65 78
65 79
65 81
65 82
65 83
65 84
65 85
65 86
65 87
65 88
65 89
65 90
65 91
65 92
65 94
65 95
65 96
65 97
65 98
65 99
65 100
65 101
65 102
65 103
65 104
65 106
65 107
65 109
65 110
65 112
65 113
65 114
65 115
65 116
65 117
65 118
65 119
65 120
65 121
65 122
65 123
65 124
65 125
65 126
65 127
65 128
65 129
65 130
65 131
65 132
65 133
65 134
65 135
65 136
65 137
65 138
65 139
65 140
65 141
65 142
65 143
65 144
65 145
65 146
65 147
65 148
65 149
65 150
65 151
65 152
65 153
65 154
65 155
65 156
65 157
65 158
65 159
65 160
65 161
65 162
65 163
65 164
65 165
65 166
65 167
65 168
65 169
65 170
65 171
65 172
65 173
65 174
65 175
65 176
65 177
66 67
66 68
66 69
66 71
66 72
66 75
66 76
66 77
66 78
66 79
66 80
66 81
66 82
66 83
66 84
66 85
66 86
66 87
66 88
66 89
66 90
66 91
66 92
66 93
66 94
66 96
66 97
66 98
66 99
66 100
66 101
66 102
66 103
66 104
66 105
66 106
66 107
66 108
66 109
66 110
66 111
66 112
66 113
66 114
66 115
66 116
66 117
66 118
66 119
66 120
66 121
66 122
66 123
66 124
66 125
66 126
66 127
66 128
66 129
66 130
66 131
66 132
66 133
66 134
66 135
66 136
66 137
66 138
66 139
66 140
66 141
66 142
66 143
66 145
66 146
66 147
66 148
66 149
66 150
66 151
66 152
66 153
66 154
66 155
66 156
66 158
66 159
66 160
66 161
66 162
66 163
66 164
66 165
66 166
66 167
66 168
66 169
66 170
66 171
66 172
66 173
66 174
66 175
66 176
66 177
67 68
67 69
67 71
67 72
67 75
67 76
67 77
67 78
67 79
67 80
67 81
67 82
67 83
67 84
67 85
67 86
67 87
67 88
67 89
67 90
67 91
67 92
67 93
67 94
67 96
67 97
67 98
67 99
67 100
67 101
67 102
67 103
67 104
67 105
67 106
67 107
67 108
67 109
67 110
67 111
67 112
67 113
67 114
67 115
67 116
67 117
67 118
67 119
67 120
67 121
67 122
67 123
67 124
67 125
67 126
67 127
67 128
67 129
67 130
67 131
67 132
67 133
67 134
67 135
67 136
67 137
67 138
67 139
67 140
67 141
67 142
67 143
67 144
67 145
67 146
67 147
67 148
67 149
67 150
67 151
67 152
67 153
67 154
67 155
67 156
67 158
67 159
67 160
67 161
67 162
67 163
67 164
67 165
67 166
67 167
67 168
67 169
67 170
67 171
67 172
67 173
67 174
67 175
67 176
67 177
68 69
68 70
68 71
68 72
68 73
68 74
68 75
68 77
68 78
68 79
68 81
68 82
68 83
68 84
68 85
68 86
68 87
68 88
68 89
68 90
68 91
68 92
68 95
68 96
68 97
68 98
68 99
68 100
68 101
68 102
68 103
68 104
68 106
68 107
68 109
68 110
68 112
68 113
68 115
68 116
68 119
68 120
68 121
68 127
68 129
68 130
68 131
68 132
68 133
68 134
68 135
68 136
68 137
68 138
68 139
68 140
68 141
68 142
68 143
68 144
68 145
68 146
68 147
68 148
68 149
68 150
68 151
68 152
68 153
68 154
68 155
68 156
68 157
68 158
68 159
68 160
68 161
68 162
68 163
68 164
68 165
68 166
68 167
68 168
68 169
68 170
68 171
68 172
68 173
68 174
68 175
68 176
68 177
69 70
69 71
69 72
69 73
69 74
69 75
69 76
69 77
69 78
69 79
69 81
69 82
69 83
69 84
69 85
69 86
69 87
69 88
69 89
69 90
69 91
69 92
69 95
69 96
69 97
69 98
69 99
69 100
69 101
69 102
69 103
69 104
69 106
69 107
69 109
69 110
69 112
69 113
69 114
69 115
69 116
69 119
69 120
69 121
69 123
69 124
69 125
69 127
69 129
69 130
69 131
69 132
69 133
69 134
69 135
69 136
69 137
69 138
69 139
69 140
69 141
69 142
69 143
69 144
69 145
69 146
69 147
69 148
69 149
69 150
69 151
69 152
69 153
69 154
69 155
69 156
69 157
69 158
69 159
69 160
69 161
69 162
69 163
69 164
69 165
69 166
69 167
69 168
69 169
69 170
69 171
69 172
69 173
69 174
69 175
69 176
69 177
70 73
70 74
70 78
70 81
70 82
70 84
70 87
70 88
70 89
70 95
70 96
70 98
70 100
70 101
70 104
70 109
70 110
70 112
70 119
70 120
70 129
70 130
70 131
70 132
70 133
70 134
70 135
70 136
70 138
70 139
70 140
70 141
70 142
70 143
70 144
70 145
70 147
70 148
70 149
70 153
70 154
70 155
70 157
70 158
70 159
70 160
70 161
70 162
70 163
70 164
70 165
70 166
70 167
70 168
70 169
70 172
70 173
70 174
70 175
70 176
70 177
71 72
71 75
71 76
71 77
71 78
71 79
71 80
71 81
71 82
71 83
71 84
71 85
71 86
71 87
71 88
71 89
71 90
71 91
71 92
71 93
71 94
71 96
71 97
71 98
71 99
71 100
71 101
71 102
71 103
71 104
71 105
71 106
71 107
71 108
71 109
71 110
71 111
71 112
71 113
71 114
71 115
71 116
71 117
71 118
71 119
71 120
71 121
71 122
71 123
71 124
71 125
71 126
71 127
71 128
71 129
71 130
71 131
71 132
71 133
71 134
71 135
71 136
71 137
71 138
71 139
71 140
71 142
71 143
71 146
71 147
71 148
71 149
71 150
71 151
71 152
71 153
71 154
71 155
71 156
71 158
71 159
71 160
71 161
71 162
71 163
71 164
71 165
71 166
71 167
71 168
71 169
71 170
71 171
71 172
71 173
71 174
71 177
72 75
72 76
72 77
72 78
72 79
72 80
72 81
72 82
72 83
72 84
72 85
72 86
72 87
72 88
72 89
72 90
72 91
72 92
72 93
72 94
72 96
72 97
72 98
72 99
72 100
72 101
72 102
72 103
72 104
72 105
72 106
72 107
72 108
72 109
72 110
72 111
72 112
72 113
72 114
72 115
72 116
72 117
72 118
72 119
72 120
72 121
72 122
72 123
72 124
72 125
72 126
72 127
72 128
72 129
72 130
72 131
72 132
72 133
72 134
72 135
72 136
72 137
72 138
72 139
72 140
72 141
72 142
72 143
72 146
72 147
72 148
72 149
72 150
72 151
72 152
72 153
72 154
72 155
72 156
72 158
72 159
72 160
72 161
72 162
72 163
72 164
72 165
72 166
72 167
72 168
72 169
72 170
72 171
72 172
72 173
72 174
72 177
73 74
73 78
73 81
73 88
73 95
73 98
73 100
73 104
73 109
73 134
73 135
73 136
73 141
73 144
73 145
73 148
73 153
73 154
73 155
73 157
73 158
73 161
73 163
73 166
73 167
73 168
73 172
73 173
73 174
73 175
73 176
74 78
74 81
74 82
74 87
74 88
74 89
74 95
74 96
74 98
74 100
74 101
74 104
74 109
74 110
74 112
74 119
74 120
74 129
74 130
74 132
74 133
74 134
74 135
74 136
74 138
74 139
74 140
74 141
74 143
74 144
74 145
74 147
74 148
74 149
74 153
74 154
74 155
74 157
74 158
74 159
74 161
74 162
74 163
74 164
74 166
74 167
74 168
74 169
74 172
74 173
74 174
74 175
74 176
74 177
75 76
75 77
75 78
75 79
75 80
75 81
75 82
75 83
75 84
75 85
75 86
75 87
75 88
75 89
75 90
75 91
75 92
75 93
75 94
75 96
75 97
75 98
75 99
75 100
75 101
75 102
75 103
75 104
75 105
75 106
75 107
75 108
75 109
75 110
75 111
75 112
75 113
75 114
75 115
75 116
75 117
75 118
75 119
75 120
75 121
75 122
75 123
75 124
75 125
75 126
75 127
75 128
75 129
75 130
75 131
75 132
75 133
75 134
75 135
75 136
75 137
75 138
75 139
75 140
75 141
75 142
75 143
75 146
75 147
75 148
75 149
75 150
75 151
75 152
75 153
75 154
75 155
75 156
75 158
75 159
75 160
75 161
75 162
75 163
75 164
75 165
75 166
75 167
75 168
75 169
75 170
75 171
75 172
75 173
75 174
75 177
76 77
76 79
76 80
76 81
76 82
76 83
76 84
76 85
76 86
76 87
76 88
76 89
76 90
76 91
76 92
76 93
76 94
76 96
76 97
76 98
76 99
76 100
76 101
76 102
76 103
76 104
76 105
76 106
76 107
76 108
76 109
76 110
76 111
76 112
76 113
76 114
76 115
76 116
76 117
76 118
76 119
76 120
76 121
76 122
76 123
76 124
76 125
76 126
76 127
76 128
76 129
76 130
76 131
76 132
76 133
76 134
76 135
76 136
76 137
76 138
76 139
76 140
76 142
76 143
76 146
76 147
76 148
76 149
76 150
76 151
76 152
76 153
76 154
76 155
76 156
76 158
76 159
76 160
76 161
76 162
76 163
76 164
76 165
76 166
76 167
76 169
76 170
76 171
76 172
76 173
76 177
77 78
77 79
77 80
77 81
77 82
77 83
77 84
77 85
77 86
77 87
77 88
77 89
77 90
77 91
77 92
77 93
77 94
77 96
77 97
77 98
77 99
77 100
77 101
77 102
77 103
77 104
77 105
77 106
77 107
77 108
77 109
77 110
77 111
77 112
77 113
77 114
77 115
77 116
77 117
77 118
77 119
77 120
77 121
77 122
77 123
77 124
77 125
77 126
77 127
77 128
77 129
77 130
77 131
77 132
77 133
77 134
77 135
77 136
77 137
77 138
77 139
77 140
77 141
77 142
77 143
77 145
77 146
77 147
77 148
77 149
77 150
77 151
77 152
77 153
77 154
77 155
77 156
77 158
77 159
77 160
77 161
77 162
77 163
77 164
77 165
77 166
77 167
77 168
77 169
77 170
77 171
77 172
77 173
77 174
77 175
77 176
77 177
78 79
78 81
78 82
78 83
78 84
78 85
78 86
78 87
78 88
78 89
78 90
78 91
78 92
78 95
78 96
78 97
78 98
78 99
78 100
78 101
78 102
78 103
78 104
78 106
78 107
78 109
78 110
78 112
78 113
78 115
78 116
78 119
78 120
78 121
78 127
78 129
78 130
78 131
78 132
78 133
78 134
78 135
78 136
78 137
78 138
78 139
78 140
78 141
78 142
78 143
78 144
78 145
78 146
78 147
78 148
78 149
78 150
78 151
78 152
78 153
78 154
78 155
78 156
78 157
78 158
78 159
78 160
78 161
78 162
78 163
78 164
78 165
78 166
78 167
78 168
78 169
78 170
78 171
78 172
78 173
78 174
78 175
78 176
78 177
79 80
79 81
79 82
79 83
79 84
79 85
79 86
79 87
79 88
79 89
79 90
79 91
79 92
79 93
79 94
79 96
79 97
79 98
79 99
79 100
79 101
79 102
79 103
79 104
79 105
79 106
79 107
79 108
79 109
79 110
79 111
79 112
79 113
79 114
79 115
79 116
79 117
79 118
79 119
79 120
79 121
79 122
79 123
79 124
79 125
79 126
79 127
79 128
79 129
79 130
79 131
79 132
79 133
79 134
79 135
79 136
79 137
79 138
79 139
79 140
79 141
79 142
79 143
79 146
79 147
79 148
79 149
79 150
79 151
79 152
79 153
79 154
79 155
79 156
79 158
79 159
79 160
79 161
79 162
79 163
79 164
79 165
79 166
79 167
79 168
79 169
79 170
79 171
79 172
79 173
79 174
79 177
80 82
80 83
80 84
80 85
80 86
80 87
80 89
80 90
80 91
80 92
80 93
80 94
80 96
80 97
80 99
80 101
80 102
80 103
80 105
80 106
80 107
80 108
80 110
80 111
80 112
80 113
80 114
80 115
80 116
80 117
80 118
80 119
80 120
80 121
80 122
80 123
80 124
80 125
80 126
80 127
80 128
80 129
80 131
80 132
80 133
80 137
80 138
80 139
80 140
80 142
80 143
80 146
80 147
80 149
80 150
80 151
80 152
80 156
80 159
80 160
80 162
80 164
80 165
80 170
80 171
80 177
81 82
81 83
81 84
81 85
81 86
81 87
81 88
81 89
81 90
81 91
81 92
81 95
81 96
81 97
81 98
81 99
81 100
81 101
81 102
81 103
81 104
81 106
81 107
81 109
81 110
81 112
81 113
81 114
81 115
81 116
81 118
81 119
81 120
81 121
81 122
81 123
81 124
81 125
81 127
81 129
81 130
81 131
81 132
81 133
81 134
81 135
81 136
81 137
81 138
81 139
81 140
81 141
81 142
81 143
81 144
81 145
81 146
81 147
81 148
81 149
81 150
81 151
81 152
81 153
81 154
81 155
81 156
81 157
81 158
81 159
81 160
81 161
81 162
81 163
81 164
81 165
81 166
81 167
81 168
81 169
81 170
81 171
81 172
81 173
81 174
81 175
81 176
81 177
82 83
82 84
82 85
82 86
82 87
82 88
82 89
82 90
82 91
82 92
82 93
82 94
82 95
82 96
82 97
82 98
82 99
82 100
82 101
82 102
82 103
82 104
82 105
82 106
82 107
82 108
82 109
82 110
82 111
82 112
82 113
82 114
82 115
82 116
82 117
82 118
82 119
82 120
82 121
82 122
82 123
82 124
82 125
82 126
82 127
82 128
82 129
82 130
82 131
82 132
82 133
82 134
82 135
82 136
82 137
82 138
82 139
82 140
82 141
82 142
82 143
82 144
82 145
82 146
82 147
82 148
82 149
82 150
82 151
82 152
82 153
82 154
82 155
82 156
82 157
82 158
82 159
82 160
82 161
82 162
82 163
82 164
82 165
82 166
82 167
82 168
82 169
82 170
82 171
82 172
82 173
82 174
82 175
82 176
82 177
83 84
83 85
83 86
83 87
83 88
83 89
83 90
83 91
83 92
83 93
83 94
83 96
83 97
83 98
83 99
83 100
83 101
83 102
83 103
83 104
83 105
83 106
83 107
83 108
83 109
83 110
83 111
83 112
83 113
83 114
83 115
83 116
83 117
83 118
83 119
83 120
83 121
83 122
83 123
83 124
83 125
83 126
83 127
83 128
83 129
83 130
83 131
83 132
83 133
83 134
83 135
83 136
83 137
83 138
83 139
83 140
83 141
83 142
83 143
83 144
83 145
83 146
83 147
83 148
83 149
83 150
83 151
83 152
83 153
83 154
83 155
83 156
83 158
83 159
83 160
83 161
83 162
83 163
83 164
83 165
83 166
83 167
83 168
83 169
83 170
83 171
83 172
83 173
83 174
83 175
83 176
83 177
84 85
84 86
84 87
84 88
84 89
84 90
84 91
84 92
84 93
84 94
84 96
84 97
84 98
84 99
84 100
84 101
84 102
84 103
84 104
84 105
84 106
84 107
84 108
84 109
84 110
84 111
84 112
84 113
84 114
84 115
84 116
84 117
84 118
84 119
84 120
84 121
84 122
84 123
84 124
84 125
84 126
84 127
84 128
84 129
84 130
84 131
84 132
84 133
84 134
84 135
84 136
84 137
84 138
84 139
84 140
84 141
84 142
84 143
84 144
84 145
84 146
84 147
84 148
84 149
84 150
84 151
84 152
84 153
84 154
84 155
84 156
84 158
84 159
84 160
84 161
84 162
84 163
84 164
84 165
84 166
84 167
84 168
84 169
84 170
84 171
84 172
84 173
84 174
84 175
84 176
84 177
85 86
85 87
85 88
85 89
85 90
85 91
85 92
85 93
85 94
85 96
85 97
85 98
85 99
85 100
85 101
85 102
85 103
85 104
85 105
85 106
85 107
85 108
85 109
85 110
85 111
85 112
85 113
85 114
85 115
85 116
85 117
85 118
85 119
85 120
85 121
85 122
85 123
85 124
85 125
85 126
85 127
85 128
85 129
85 130
85 131
85 132
85 133
85 134
85 135
85 136
85 137
85 138
85 139
85 140
85 141
85 142
85 143
85 146
85 147
85 148
85 149
85 150
85 151
85 152
85 153
85 154
85 155
85 156
85 158
85 159
85 160
85 161
85 162
85 163
85 164
85 165
85 166
85 167
85 168
85 169
85 170
85 171
85 172
85 173
85 174
85 177
86 87
86 88
86 89
86 90
86 91
86 92
86 93
86 94
86 96
86 97
86 98
86 99
86 100
86 101
86 102
86 103
86 104
86 105
86 106
86 107
86 108
86 109
86 110
86 111
86 112
86 113
86 114
86 115
86 116
86 117
86 118
86 119
86 120
86 121
86 122
86 123
86 124
86 125
86 126
86 127
86 128
86 129
86 130
86 131
86 132
86 133
86 134
86 135
86 136
86 137
86 138
86 139
86 140
86 141
86 142
86 143
86 145
86 146
86 147
86 148
86 149
86 150
86 151
86 152
86 153
86 154
86 155
86 156
86 158
86 159
86 160
86 161
86 162
86 163
86 164
86 165
86 166
86 167
86 168
86 169
86 170
86 171
86 172
86 173
86 174
86 175
86 176
86 177
87 88
87 89
87 90
87 91
87 92
87 93
87 94
87 96
87 97
87 98
87 99
87 100
87 101
87 102
87 103
87 104
87 105
87 106
87 107
87 108
87 109
87 110
87 111
87 112
87 113
87 114
87 115
87 116
87 117
87 118
87 119
87 120
87 121
87 122
87 123
87 124
87 125
87 126
87 127
87 128
87 129
87 130
87 131
87 132
87 133
87 134
87 135
87 136
87 137
87 138
87 139
87 140
87 141
87 142
87 143
87 144
87 145
87 146
87 147
87 148
87 149
87 150
87 151
87 152
87 153
87 154
87 155
87 156
87 157
87 158
87 159
87 160
87 161
87 162
87 163
87 164
87 165
87 166
87 167
87 168
87 169
87 170
87 171
87 172
87 173
87 174
87 175
87 176
87 177
88 89
88 90
88 91
88 92
88 94
88 95
88 96
88 97
88 98
88 99
88 100
88 101
88 102
88 103
88 104
88 106
88 107
88 109
88 110
88 112
88 113
88 114
88 115
88 116
88 117
88 118
88 119
88 120
88 121
88 122
88 123
88 124
88 125
88 126
88 127
88 128
88 129
88 130
88 131
88 132
88 133
88 134
88 135
88 136
88 137
88 138
88 139
88 140
88 141
88 142
88 143
88 144
88 145
88 146
88 147
88 148
88 149
88 150
88 151
88 152
88 153
88 154
88 155
88 156
88 157
88 158
88 159
88 160
88 161
88 162
88 163
88 164
88 165
88 166
88 167
88 168
88 169
88 170
88 171
88 172
88 173
88 174
88 175
88 176
88 177
89 90
89 91
89 92
89 93
89 94
89 95
89 96
89 97
89 98
89 99
89 100
89 101
89 102
89 103
89 104
89 105
89 106
89 107
89 108
89 109
89 110
89 111
89 112
89 113
89 114
89 115
89 116
89 117
89 118
89 119
89 120
89 121
89 122
89 123
89 124
89 125
89 126
89 127
89 128
89 129
89 130
89 131
89 132
89 133
89 134
89 135
89 136
89 137
89 138
89 139
89 140
89 141
89 142
89 143
89 144
89 145
89 146
89 147
89 148
89 149
89 150
89 151
89 152
89 153
89 154
89 155
89 156
89 157
89 158
89 159
89 160
89 161
89 162
89 163
89 164
89 165
89 166
89 167
89 168
89 169
89 170
89 171
89 172
89 173
89 174
89 175
89 176
89 177
90 91
90 92
90 93
90 94
90 96
90 97
90 98
90 99
90 100
90 101
90 102
90 103
90 104
90 105
90 106
90 107
90 108
90 109
90 110
90 111
90 112
90 113
90 114
90 115
90 116
90 117
90 118
90 119
90 120
90 121
90 122
90 123
90 124
90 125
90 126
90 127
90 128
90 129
90 130
90 131
90 132
90 133
90 134
90 135
90 136
90 137
90 138
90 139
90 140
90 141
90 142
90 143
90 145
90 146
90 147
90 148
90 149
90 150
90 151
90 152
90 153
90 154
90 155
90 156
90 158
90 159
90 160
90 161
90 162
90 163
90 164
90 165
90 166
90 167
90 168
90 169
90 170
90 171
90 172
90 173
90 174
90 177
91 92
91 93
91 94
91 96
91 97
91 98
91 99
91 100
91 101
91 102
91 103
91 104
91 105
91 106
91 107
91 108
91 109
91 110
91 111
91 112
91 113
91 114
91 115
91 116
91 117
91 118
91 119
91 120
91 121
91 122
91 123
91 124
91 125
91 126
91 127
91 128
91 129
91 130
91 131
91 132
91 133
91 134
91 135
91 136
91 137
91 138
91 139
91 140
91 141
91 142
91 143
91 146
91 147
91 148
91 149
91 150
91 151
91 152
91 153
91 154
91 155
91 156
91 158
91 159
91 160
91 161
91 162
91 163
91 164
91 165
91 166
91 167
91 168
91 169
91 170
91 171
91 172
91 173
91 174
91 177
92 93
92 94
92 96
92 97
92 98
92 99
92 100
92 101
92 102
92 103
92 104
92 105
92 106
92 107
92 108
92 109
92 110
92 111
92 112
92 113
92 114
92 115
92 116
92 117
92 118
92 119
92 120
92 121
92 122
92 123
92 124
92 125
92 126
92 127
92 128
92 129
92 130
92 131
92 132
92 133
92 134
92 135
92 136
92 137
92 138
92 139
92 140
92 141
92 142
92 143
92 145
92 146
92 147
92 148
92 149
92 150
92 151
92 152
92 153
92 154
92 155
92 156
92 158
92 159
92 160
92 161
92 162
92 163
92 164
92 165
92 166
92 167
92 168
92 169
92 170
92 171
92 172
92 173
92 174
92 175
92 176
92 177
93 94
93 96
93 97
93 99
93 101
93 102
93 103
93 105
93 106
93 107
93 108
93 110
93 111
93 112
93 113
93 114
93 115
93 116
93 117
93 118
93 119
93 120
93 121
93 122
93 123
93 124
93 125
93 126
93 127
93 128
93 129
93 130
93 131
93 132
93 133
93 137
93 138
93 139
93 140
93 142
93 143
93 146
93 147
93 149
93 150
93 151
93 152
93 154
93 156
93 159
93 160
93 162
93 164
93 165
93 169
93 170
93 171
93 177
94 96
94 97
94 98
94 99
94 101
94 102
94 103
94 104
94 105
94 106
94 107
94 108
94 109
94 110
94 111
94 112
94 113
94 114
94 115
94 116
94 117
94 118
94 119
94 120
94 121
94 122
94 123
94 124
94 125
94 126
94 127
94 128
94 129
94 130
94 131
94 132
94 133
94 134
94 135
94 137
94 138
94 139
94 140
94 142
94 143
94 146
94 147
94 148
94 149
94 150
94 151
94 152
94 153
94 154
94 156
94 158
94 159
94 160
94 161
94 162
94 163
94 164
94 165
94 166
94 167
94 169
94 170
94 171
94 172
94 177
95 96
95 98
95 100
95 104
95 109
95 112
95 120
95 130
95 133
95 134
95 135
95 136
95 139
95 140
95 141
95 144
95 145
95 147
95 148
95 153
95 154
95 155
95 157
95 158
95 159
95 161
95 163
95 164
95 166
95 167
95 168
95 169
95 172
95 173
95 174
95 175
95 176
96 97
96 98
96 99
96 100
96 101
96 102
96 103
96 104
96 105
96 106
96 107
96 108
96 109
96 110
96 111
96 112
96 113
96 114
96 115
96 116
96 117
96 118
96 119
96 120
96 121
96 122
96 123
96 124
96 125
96 126
96 127
96 128
96 129
96 130
96 131
96 132
96 133
96 134
96 135
96 136
96 137
96 138
96 139
96 140
96 141
96 142
96 143
96 144
96 145
96 146
96 147
96 148
96 149
96 150
96 151
96 152
96 153
96 154
96 155
96 156
96 157
96 158
96 159
96 160
96 161
96 162
96 163
96 164
96 165
96 166
96 167
96 168
96 169
96 170
96 171
96 172
96 173
96 174
96 175
96 176
96 177
97 98
97 99
97 100
97 101
97 102
97 103
97 104
97 105
97 106
97 107
97 108
97 109
97 110
97 111
97 112
97 113
97 114
97 115
97 116
97 117
97 118
97 119
97 120
97 121
97 122
97 123
97 124
97 125
97 126
97 127
97 128
97 129
97 130
97 131
97 132
97 133
97 134
97 135
97 136
97 137
97 138
97 139
97 140
97 141
97 142
97 143
97 146
97 147
97 148
97 149
97 150
97 151
97 152
97 153
97 154
97 155
97 156
97 158
97 159
97 160
97 161
97 162
97 163
97 164
97 165
97 166
97 167
97 168
97 169
97 170
97 171
97 172
97 173
97 174
97 177
98 99
98 100
98 101
98 102
98 103
98 104
98 105
98 106
98 107
98 108
98 109
98 110
98 111
98 112
98 113
98 114
98 115
98 116
98 117
98 118
98 119
98 120
98 121
98 122
98 123
98 124
98 125
98 126
98 127
98 128
98 129
98 130
98 131
98 132
98 133
98 134
98 135
98 136
98 137
98 138
98 139
98 140
98 141
98 142
98 143
98 144
98 145
98 146
98 147
98 148
98 149
98 150
98 151
98 152
98 153
98 154
98 155
98 156
98 157
98 158
98 159
98 160
98 161
98 162
98 163
98 164
98 165
98 166
98 167
98 168
98 169
98 170
98 171
98 172
98 173
98 174
98 175
98 176
98 177
99 100
99 101
99 102
99 103
99 104
99 105
99 106
99 107
99 108
99 109
99 110
99 111
99 112
99 113
99 114
99 115
99 116
99 117
99 118
99 119
99 120
99 121
99 122
99 123
99 124
99 125
99 126
99 127
99 128
99 129
99 130
99 131
99 132
99 133
99 134
99 135
99 136
99 137
99 138
99 139
99 140
99 142
99 143
99 146
99 147
99 148
99 149
99 150
99 151
99 152
99 153
99 154
99 155
99 156
99 158
99 159
99 160
99 161
99 162
99 163
99 164
99 165
99 166
99 167
99 168
99 169
99 170
99 171
99 172
99 173
99 174
99 177
100 101
100 102
100 103
100 104
100 106
100 107
100 109
100 110
100 112
100 113
100 114
100 115
100 116
100 118
100 119
100 120
100 121
100 122
100 123
100 124
100 125
100 127
100 129
100 130
100 131
100 132
100 133
100 134
100 135
100 136
100 137
100 138
100 139
100 140
100 141
100 142
100 143
100 144
100 145
100 146
100 147
100 148
100 149
100 150
100 151
100 152
100 153
100 154
100 155
100 156
100 157
100 158
100 159
100 160
100 161
100 162
100 163
100 164
100 165
100 166
100 167
100 168
100 169
100 170
100 171
100 172
100 173
100 174
100 175
100 176
100 177
101 102
101 103
101 104
101 105
101 106
101 107
101 108
101 109
101 110
101 111
101 112
101 113
101 114
101 115
101 116
101 117
101 118
101 119
101 120
101 121
101 122
101 123
101 124
101 125
101 126
101 127
101 128
101 129
101 130
101 131
101 132
101 133
101 134
101 135
101 136
101 137
101 138
101 139
101 140
101 141
101 142
101 143
101 144
101 145
101 146
101 147
101 148
101 149
101 150
101 151
101 152
101 153
101 154
101 155
101 156
101 157
101 158
101 159
101 160
101 161
101 162
101 163
101 164
101 165
101 166
101 167
101 168
101 169
101 170
101 171
101 172
101 173
101 174
101 175
101 176
101 177
102 103
102 104
102 105
102 106
102 107
102 108
102 109
102 110
102 111
102 112
102 113
102 114
102 115
102 116
102 117
102 118
102 119
102 120
102 121
102 122
102 123
102 124
102 125
102 126
102 127
102 128
102 129
102 130
102 131
102 132
102 133
102 134
102 135
102 136
102 137
102 138
102 139
102 140
102 141
102 142
102 143
102 146
102 147
102 148
102 149
102 150
102 151
102 152
102 153
102 154
102 155
102 156
102 158
102 159
102 160
102 161
102 162
102 163
102 164
102 165
102 166
102 167
102 168
102 169
102 170
102 171
102 172
102 173
102 174
102 177
103 104
103 105
103 106
103 107
103 108
103 109
103 110
103 111
103 112
103 113
103 114
103 115
103 116
103 117
103 118
103 119
103 120
103 121
103 122
103 123
103 124
103 125
103 126
103 127
103 128
103 129
103 130
103 131
103 132
103 133
103 134
103 135
103 136
103 137
103 138
103 139
103 140
103 142
103 143
103 146
103 147
103 148
103 149
103 150
103 151
103 152
103 153
103 154
103 155
103 156
103 158
103 159
103 160
103 161
103 162
103 163
103 164
103 165
103 166
103 167
103 168
103 169
103 170
103 171
103 172
103 173
103 174
103 177
104 106
104 107
104 109
104 110
104 111
104 112
104 113
104 114
104 115
104 116
104 117
104 118
104 119
104 120
104 121
104 122
104 123
104 124
104 125
104 126
104 127
104 128
104 129
104 130
104 131
104 132
104 133
104 134
104 135
104 136
104 137
104 138
104 139
104 140
104 141
104 142
104 143
104 144
104 145
104 146
104 147
104 148
104 149
104 150
104 151
104 152
104 153
104 154
104 155
104 156
104 157
104 158
104 159
104 160
104 161
104 162
104 163
104 164
104 165
104 166
104 167
104 168
104 169
104 170
104 171
104 172
104 173
104 174
104 175
104 176
104 177
105 106
105 107
105 108
105 110
105 111
105 112
105 113
105 114
105 115
105 116
105 117
105 118
105 119
105 120
105 121
105 122
105 123
105 124
105 125
105 126
105 127
105 128
105 129
105 130
105 131
105 132
105 133
105 134
105 137
105 138
105 139
105 140
105 142
105 143
105 146
105 147
105 148
105 149
105 150
105 151
105 152
105 154
105 156
105 158
105 159
105 160
105 162
105 164
105 165
105 169
105 170
105 171
105 172
105 177
106 107
106 108
106 109
106 110
106 111
106 112
106 113
106 114
106 115
106 116
106 117
106 118
106 119
106 120
106 121
106 122
106 123
106 124
106 125
106 126
106 127
106 128
106 129
106 130
106 131
106 132
106 133
106 134
106 135
106 136
106 137
106 138
106 139
106 140
106 141
106 142
106 143
106 144
106 145
106 146
106 147
106 148
106 149
106 150
106 151
106 152
106 153
106 154
106 155
106 156
106 158
106 159
106 160
106 161
106 162
106 163
106 164
106 165
106 166
106 167
106 168
106 169
106 170
106 171
106 172
106 173
106 174
106 175
106 176
106 177
107 108
107 109
107 110
107 111
107 112
107 113
107 114
107 115
107 116
107 117
107 118
107 119
107 120
107 121
107 122
107 123
107 124
107 125
107 126
107 127
107 128
107 129
107 130
107 131
107 132
107 133
107 134
107 135
107 136
107 137
107 138
107 139
107 140
107 141
107 142
107 143
107 145
107 146
107 147
107 148
107 149
107 150
107 151
107 152
107 153
107 154
107 155
107 156
107 158
107 159
107 160
107 161
107 162
107 163
107 164
107 165
107 166
107 167
107 168
107 169
107 170
107 171
107 172
107 173
107 174
107 175
107 177
108 110
108 111
108 112
108 113
108 114
108 115
108 116
108 117
108 118
108 119
108 120
108 121
108 122
108 123
108 124
108 125
108 126
108 127
108 128
108 129
108 130
108 131
108 132
108 133
108 134
108 137
108 138
108 139
108 140
108 142
108 143
108 146
108 147
108 148
108 149
108 150
108 151
108 152
108 154
108 156
108 158
108 159
108 160
108 162
108 164
108 165
108 169
108 170
108 171
108 172
108 177
109 110
109 112
109 113
109 114
109 115
109 116
109 117
109 118
109 119
109 120
109 121
109 122
109 123
109 124
109 125
109 126
109 127
109 128
109 129
109 130
109 131
109 132
109 133
109 134
109 135
109 136
109 137
109 138
109 139
109 140
109 141
109 142
109 143
109 144
109 145
109 146
109 147
109 148
109 149
109 150
109 151
109 152
109 153
109 154
109 155
109 156
109 157
109 158
109 159
109 160
109 161
109 162
109 163
109 164
109 165
109 166
109 167
109 168
109 169
109 170
109 171
109 172
109 173
109 174
109 175
109 176
109 177
110 111
110 112
110 113
110 114
110 115
110 116
110 117
110 118
110 119
110 120
110 121
110 122
110 123
110 124
110 125
110 126
110 127
110 128
110 129
110 130
110 131
110 132
110 133
110 134
110 135
110 136
110 137
110 138
110 139
110 140
110 141
110 142
110 143
110 144
110 145
110 146
110 147
110 148
110 149
110 150
110 151
110 152
110 153
110 154
110 155
110 156
110 157
110 158
110 159
110 160
110 161
110 162
110 163
110 164
110 165
110 166
110 167
110 168
110 169
110 170
110 171
110 172
110 173
110 174
110 175
110 176
110 177
111 112
111 113
111 114
111 115
111 116
111 117
111 118
111 119
111 120
111 121
111 122
111 123
111 124
111 125
111 126
111 127
111 128
111 129
111 130
111 131
111 132
111 133
111 134
111 137
111 138
111 139
111 140
111 142
111 143
111 146
111 147
111 148
111 149
111 150
111 151
111 152
111 153
111 154
111 156
111 158
111 159
111 160
111 162
111 163
111 164
111 165
111 169
111 170
111 171
111 172
111 177
112 113
112 114
112 115
112 116
112 117
112 118
112 119
112 120
112 121
112 122
112 123
112 124
112 125
112 126
112 127
112 128
112 129
112 130
112 131
112 132
112 133
112 134
112 135
112 136
112 137
112 138
112 139
112 140
112 141
112 142
112 143
112 144
112 145
112 146
112 147
112 148
112 149
112 150
112 151
112 152
112 153
112 154
112 155
112 156
112 157
112 158
112 159
112 160
112 161
112 162
112 163
112 164
112 165
112 166
112 167
112 168
112 169
112 170
112 171
112 172
112 173
112 174
112 175
112 176
112 177
113 114
113 115
113 116
113 117
113 118
113 119
113 120
113 121
113 122
113 123
113 124
113 125
113 126
113 127
113 128
113 129
113 130
113 131
113 132
113 133
113 134
113 135
113 136
113 137
113 138
113 139
113 140
113 141
113 142
113 143
113 146
113 147
113 148
113 149
113 150
113 151
113 152
113 153
113 154
113 155
113 156
113 158
113 159
113 160
113 161
113 162
113 163
113 164
113 165
113 166
113 167
113 168
113 169
113 170
113 171
113 172
113 173
113 174
113 177
114 115
114 116
114 117
114 118
114 119
114 120
114 121
114 122
114 123
114 124
114 125
114 126
114 127
114 128
114 129
114 130
114 131
114 132
114 133
114 134
114 135
114 136
114 137
114 138
114 139
114 140
114 142
114 143
114 146
114 147
114 148
114 149
114 150
114 151
114 152
114 153
114 154
114 155
114 156
114 158
114 159
114 160
114 161
114 162
114 163
114 164
114 165
114 166
114 167
114 169
114 170
114 171
114 172
114 177
115 116
115 117
115 118
115 119
115 120
115 121
115 122
115 123
115 124
115 125
115 126
115 127
115 128
115 129
115 130
115 131
115 132
115 133
115 134
115 135
115 136
115 137
115 138
115 139
115 140
115 142
115 143
115 146
115 147
115 148
115 149
115 150
115 151
115 152
115 153
115 154
115 155
115 156
115 158
115 159
115 160
115 161
115 162
115 163
115 164
115 165
115 166
115 167
115 168
115 169
115 170
115 171
115 172
115 173
115 174
115 177
116 117
116 118
116 119
116 120
116 121
116 122
116 123
116 124
116 125
116 126
116 127
116 128
116 129
116 130
116 131
116 132
116 133
116 134
116 135
116 136
116 137
116 138
116 139
116 140
116 141
116 142
116 143
116 145
116 146
116 147
116 148
116 149
116 150
116 151
116 152
116 153
116 154
116 155
116 156
116 158
116 159
116 160
116 161
116 162
116 163
116 164
116 165
116 166
116 167
116 168
116 169
116 170
116 171
116 172
116 173
116 174
116 175
116 176
116 177
117 118
117 119
117 120
117 121
117 122
117 123
117 124
117 125
117 126
117 127
117 128
117 129
117 130
117 131
117 132
117 133
117 134
117 135
117 137
117 138
117 139
117 140
117 142
117 143
117 146
117 147
117 148
117 149
117 150
117 151
117 152
117 153
117 154
117 156
117 158
117 159
117 160
117 161
117 162
117 163
117 164
117 165
117 166
117 167
117 169
117 170
117 171
117 172
117 177
118 119
118 120
118 121
118 122
118 123
118 124
118 125
118 126
118 127
118 128
118 129
118 130
118 131
118 132
118 133
118 134
118 135
118 136
118 137
118 138
118 139
118 140
118 142
118 143
118 146
118 147
118 148
118 149
118 150
118 151
118 152
118 153
118 154
118 156
118 158
118 159
118 160
118 161
118 162
118 163
118 164
118 165
118 166
118 167
118 169
118 170
118 171
118 172
118 177
119 120
119 121
119 122
119 123
119 124
119 125
119 126
119 127
119 128
119 129
119 130
119 131
119 132
119 133
119 134
119 135
119 136
119 137
119 138
119 139
119 140
119 141
119 142
119 143
119 144
119 145
119 146
119 147
119 148
119 149
119 150
119 151
119 152
119 153
119 154
119 155
119 156
119 157
119 158
119 159
119 160
119 161
119 162
119 163
119 164
119 165
119 166
119 167
119 168
119 169
119 170
119 171
119 172
119 173
119 174
119 175
119 176
119 177
120 121
120 122
120 123
120 124
120 125
120 126
120 127
120 128
120 129
120 130
120 131
120 132
120 133
120 134
120 135
120 136
120 137
120 138
120 139
120 140
120 141
120 142
120 143
120 144
120 145
120 146
120 147
120 148
120 149
120 150
120 151
120 152
120 153
120 154
120 155
120 156
120 157
120 158
120 159
120 160
120 161
120 162
120 163
120 164
120 165
120 166
120 167
120 168
120 169
120 170
120 171
120 172
120 173
120 174
120 175
120 176
120 177
121 122
121 123
121 124
121 125
121 126
121 127
121 128
121 129
121 130
121 131
121 132
121 133
121 134
121 135
121 136
121 137
121 138
121 139
121 140
121 141
121 142
121 143
121 146
121 147
121 148
121 149
121 150
121 151
121 152
121 153
121 154
121 155
121 156
121 158
121 159
121 160
121 161
121 162
121 163
121 164
121 165
121 166
121 167
121 168
121 169
121 170
121 171
121 172
121 173
121 174
121 177
122 123
122 124
122 125
122 126
122 127
122 128
122 129
122 130
122 131
122 132
122 133
122 134
122 135
122 137
122 138
122 139
122 140
122 142
122 143
122 146
122 147
122 148
122 149
122 150
122 151
122 152
122 153
122 154
122 156
122 158
122 159
122 160
122 161
122 162
122 163
122 164
122 165
122 166
122 167
122 169
122 170
122 171
122 172
122 177
123 124
123 125
123 126
123 127
123 128
123 129
123 130
123 131
123 132
123 133
123 134
123 135
123 136
123 137
123 138
123 139
123 140
123 142
123 143
123 146
123 147
123 148
123 149
123 150
123 151
123 152
123 153
123 154
123 155
123 156
123 158
123 159
123 160
123 161
123 162
123 163
123 164
123 165
123 166
123 167
123 169
123 170
123 171
123 172
123 177
124 125
124 126
124 127
124 128
124 129
124 130
124 131
124 132
124 133
124 134
124 135
124 136
124 137
124 138
124 139
124 140
124 142
124 143
124 146
124 147
124 148
124 149
124 150
124 151
124 152
124 153
124 154
124 155
124 156
124 158
124 159
124 160
124 161
124 162
124 163
124 164
124 165
124 166
124 167
124 169
124 170
124 171
124 172
124 177
125 126
125 127
125 128
125 129
125 130
125 131
125 132
125 133
125 134
125 135
125 136
125 137
125 138
125 139
125 140
125 142
125 143
125 146
125 147
125 148
125 149
125 150
125 151
125 152
125 153
125 154
125 155
125 156
125 158
125 159
125 160
125 161
125 162
125 163
125 164
125 165
125 166
125 167
125 169
125 170
125 171
125 172
125 177
126 127
126 128
126 129
126 130
126 131
126 132
126 133
126 134
126 135
126 137
126 138
126 139
126 140
126 142
126 143
126 146
126 147
126 148
126 149
126 150
126 151
126 152
126 153
126 154
126 156
126 158
126 159
126 160
126 161
126 162
126 163
126 164
126 165
126 166
126 167
126 169
126 170
126 171
126 172
126 177
127 128
127 129
127 130
127 131
127 132
127 133
127 134
127 135
127 136
127 137
127 138
127 139
127 140
127 141
127 142
127 143
127 146
127 147
127 148
127 149
127 150
127 151
127 152
127 153
127 154
127 155
127 156
127 158
127 159
127 160
127 161
127 162
127 163
127 164
127 165
127 166
127 167
127 168
127 169
127 170
127 171
127 172
127 173
127 174
127 177
128 129
128 130
128 131
128 132
128 133
128 134
128 137
128 138
128 139
128 140
128 142
128 143
128 146
128 147
128 148
128 149
128 150
128 151
128 152
128 153
128 154
128 156
128 158
128 159
128 160
128 161
128 162
128 163
128 164
128 165
128 167
128 169
128 170
128 171
128 172
128 177
129 130
129 131
129 132
129 133
129 134
129 135
129 136
129 137
129 138
129 139
129 140
129 141
129 142
129 143
129 144
129 145
129 146
129 147
129 148
129 149
129 150
129 151
129 152
129 153
129 154
129 155
129 156
129 157
129 158
129 159
129 160
129 161
129 162
129 163
129 164
129 165
129 166
129 167
129 168
129 169
129 170
129 171
129 172
129 173
129 174
129 175
129 176
129 177
130 131
130 132
130 133
130 134
130 135
130 136
130 137
130 138
130 139
130 140
130 141
130 142
130 143
130 144
130 145
130 146
130 147
130 148
130 149
130 150
130 151
130 152
130 153
130 154
130 155
130 156
130 157
130 158
130 159
130 160
130 161
130 162
130 163
130 164
130 165
130 166
130 167
130 168
130 169
130 170
130 171
130 172
130 173
130 174
130 175
130 176
130 177
131 132
131 133
131 134
131 135
131 136
131 137
131 138
131 139
131 140
131 141
131 142
131 143
131 144
131 145
131 146
131 147
131 148
131 149
131 150
131 151
131 152
131 153
131 154
131 155
131 156
131 157
131 158
131 159
131 160
131 161
131 162
131 163
131 164
131 165
131 166
131 167
131 168
131 169
131 170
131 171
131 172
131 173
131 174
131 175
131 176
131 177
132 133
132 134
132 135
132 136
132 137
132 138
132 139
132 140
132 141
132 142
132 143
132 144
132 145
132 146
132 147
132 148
132 149
132 150
132 151
132 152
132 153
132 154
132 155
132 156
132 157
132 158
132 159
132 160
132 161
132 162
132 163
132 164
132 165
132 166
132 167
132 168
132 169
132 170
132 171
132 172
132 173
132 174
132 175
132 176
132 177
133 134
133 135
133 136
133 137
133 138
133 139
133 140
133 141
133 142
133 143
133 144
133 145
133 146
133 147
133 148
133 149
133 150
133 151
133 152
133 153
133 154
133 155
133 156
133 157
133 158
133 159
133 160
133 161
133 162
133 163
133 164
133 165
133 166
133 167
133 168
133 169
133 170
133 171
133 172
133 173
133 174
133 175
133 176
133 177
134 135
134 136
134 137
134 138
134 139
134 140
134 141
134 142
134 143
134 144
134 145
134 146
134 147
134 148
134 149
134 150
134 151
134 152
134 153
134 154
134 155
134 156
134 157
134 158
134 159
134 160
134 161
134 162
134 163
134 164
134 165
134 166
134 167
134 168
134 169
134 170
134 171
134 172
134 173
134 174
134 175
134 176
134 177
135 136
135 137
135 138
135 139
135 140
135 141
135 142
135 143
135 144
135 145
135 146
135 147
135 148
135 149
135 150
135 151
135 152
135 153
135 154
135 155
135 156
135 157
135 158
135 159
135 160
135 161
135 162
135 163
135 164
135 165
135 166
135 167
135 168
135 169
135 170
135 171
135 172
135 173
135 174
135 175
135 176
135 177
136 137
136 138
136 139
136 140
136 141
136 142
136 143
136 144
136 145
136 146
136 147
136 148
136 149
136 150
136 151
136 152
136 153
136 154
136 155
136 156
136 157
136 158
136 159
136 160
136 161
136 162
136 163
136 164
136 165
136 166
136 167
136 168
136 169
136 170
136 171
136 172
136 173
136 174
136 175
136 176
136 177
137 138
137 139
137 140
137 141
137 142
137 143
137 144
137 145
137 146
137 147
137 148
137 149
137 150
137 151
137 152
137 153
137 154
137 155
137 156
137 158
137 159
137 160
137 161
137 162
137 163
137 164
137 165
137 166
137 167
137 168
137 169
137 170
137 171
137 172
137 173
137 174
137 175
137 176
137 177
138 139
138 140
138 141
138 142
138 143
138 144
138 145
138 146
138 147
138 148
138 149
138 150
138 151
138 152
138 153
138 154
138 155
138 156
138 157
138 158
138 159
138 160
138 161
138 162
138 163
138 164
138 165
138 166
138 167
138 168
138 169
138 170
138 171
138 172
138 173
138 174
138 175
138 176
138 177
139 140
139 141
139 142
139 143
139 144
139 145
139 146
139 147
139 148
139 149
139 150
139 151
139 152
139 153
139 154
139 155
139 156
139 157
139 158
139 159
139 160
139 161
139 162
139 163
139 164
139 165
139 166
139 167
139 168
139 169
139 170
139 171
139 172
139 173
139 174
139 175
139 176
139 177
140 141
140 142
140 143
140 144
140 145
140 146
140 147
140 148
140 149
140 150
140 151
140 152
140 153
140 154
140 155
140 156
140 157
140 158
140 159
140 160
140 161
140 162
140 163
140 164
140 165
140 166
140 167
140 168
140 169
140 170
140 171
140 172
140 173
140 174
140 175
140 176
140 177
141 142
141 143
141 144
141 145
141 147
141 148
141 149
141 150
141 151
141 153
141 154
141 155
141 156
141 157
141 158
141 159
141 160
141 161
141 162
141 163
141 164
141 165
141 166
141 167
141 168
141 169
141 170
141 171
141 172
141 173
141 174
141 175
141 176
141 177
142 143
142 144
142 145
142 146
142 147
142 148
142 149
142 150
142 151
142 152
142 153
142 154
142 155
142 156
142 158
142 159
142 160
142 161
142 162
142 163
142 164
142 165
142 166
142 167
142 168
142 169
142 170
142 171
142 172
142 173
142 174
142 175
142 176
142 177
143 144
143 145
143 146
143 147
143 148
143 149
143 150
143 151
143 152
143 153
143 154
143 155
143 156
143 157
143 158
143 159
143 160
143 161
143 162
143 163
143 164
143 165
143 166
143 167
143 168
143 169
143 170
143 171
143 172
143 173
143 174
143 175
143 176
143 177
144 145
144 147
144 148
144 149
144 153
144 154
144 155
144 157
144 158
144 159
144 160
144 161
144 162
144 163
144 164
144 165
144 166
144 167
144 168
144 169
144 170
144 172
144 173
144 174
144 175
144 176
144 177
145 147
145 148
145 149
145 150
145 151
145 153
145 154
145 155
145 156
145 157
145 158
145 159
145 160
145 161
145 162
145 163
145 164
145 165
145 166
145 167
145 168
145 169
145 170
145 172
145 173
145 174
145 175
145 176
145 177
146 147
146 148
146 149
146 150
146 151
146 152
146 153
146 154
146 155
146 156
146 158
146 159
146 160
146 161
146 162
146 163
146 164
146 165
146 166
146 167
146 168
146 169
146 170
146 171
146 172
146 173
146 174
146 177
147 148
147 149
147 150
147 151
147 152
147 153
147 154
147 155
147 156
147 157
147 158
147 159
147 160
147 161
147 162
147 163
147 164
147 165
147 166
147 167
147 168
147 169
147 170
147 171
147 172
147 173
147 174
147 175
147 176
147 177
148 149
148 150
148 151
148 152
148 153
148 154
148 155
148 156
148 157
148 158
148 159
148 160
148 161
148 162
148 163
148 164
148 165
148 166
148 167
148 168
148 169
148 170
148 171
148 172
148 173
148 174
148 175
148 176
148 177
149 150
149 151
149 152
149 153
149 154
149 155
149 156
149 157
149 158
149 159
149 160
149 161
149 162
149 163
149 164
149 165
149 166
149 167
149 168
149 169
149 170
149 171
149 172
149 173
149 174
149 175
149 176
149 177
150 151
150 152
150 153
150 154
150 155
150 156
150 158
150 159
150 160
150 161
150 162
150 163
150 164
150 165
150 166
150 167
150 168
150 169
150 170
150 171
150 172
150 173
150 174
150 175
150 176
150 177
151 152
151 153
151 154
151 155
151 156
151 158
151 159
151 160
151 161
151 162
151 163
151 164
151 165
151 166
151 167
151 168
151 169
151 170
151 171
151 172
151 173
151 174
151 177
152 153
152 154
152 155
152 156
152 158
152 159
152 160
152 161
152 162
152 163
152 164
152 165
152 166
152 167
152 168
152 169
152 170
152 171
152 172
152 173
152 174
152 177
153 154
153 155
153 156
153 157
153 158
153 159
153 160
153 161
153 162
153 163
153 164
153 165
153 166
153 167
153 168
153 169
153 170
153 171
153 172
153 173
153 174
153 175
153 176
153 177
154 155
154 156
154 157
154 158
154 159
154 160
154 161
154 162
154 163
154 164
154 165
154 166
154 167
154 168
154 169
154 170
154 171
154 172
154 173
154 174
154 175
154 176
154 177
155 156
155 157
155 158
155 159
155 160
155 161
155 162
155 163
155 164
155 165
155 166
155 167
155 168
155 169
155 170
155 171
155 172
155 173
155 174
155 175
155 176
155 177
156 158
156 159
156 160
156 161
156 162
156 163
156 164
156 165
156 166
156 167
156 168
156 169
156 170
156 171
156 172
156 173
156 174
156 177
157 158
157 159
157 161
157 162
157 163
157 164
157 166
157 167
157 168
157 169
157 172
157 173
157 174
157 175
157 176
157 177
158 159
158 160
158 161
158 162
158 163
158 164
158 165
158 166
158 167
158 168
158 169
158 170
158 171
158 172
158 173
158 174
158 175
158 176
158 177
159 160
159 161
159 162
159 163
159 164
159 165
159 166
159 167
159 168
159 169
159 170
159 171
159 172
159 173
159 174
159 175
159 176
159 177
160 161
160 162
160 163
160 164
160 165
160 166
160 167
160 168
160 169
160 170
160 171
160 172
160 173
160 174
160 175
160 176
160 177
161 162
161 163
161 164
161 165
161 166
161 167
161 168
161 169
161 170
161 171
161 172
161 173
161 174
161 175
161 176
161 177
162 163
162 164
162 165
162 166
162 167
162 168
162 169
162 170
162 171
162 172
162 173
162 174
162 175
162 176
162 177
163 164
163 165
163 166
163 167
163 168
163 169
163 170
163 171
163 172
163 173
163 174
163 175
163 176
163 177
164 165
164 166
164 167
164 168
164 169
164 170
164 171
164 172
164 173
164 174
164 175
164 176
164 177
165 166
165 167
165 168
165 169
165 170
165 171
165 172
165 173
165 174
165 175
165 176
165 177
166 167
166 168
166 169
166 170
166 171
166 172
166 173
166 174
166 175
166 176
166 177
167 168
167 169
167 170
167 171
167 172
167 173
167 174
167 175
167 176
167 177
168 169
168 170
168 171
168 172
168 173
168 174
168 175
168 176
168 177
169 170
169 171
169 172
169 173
169 174
169 175
169 176
169 177
170 171
170 172
170 173
170 174
170 175
170 176
170 177
171 172
171 173
171 174
171 177
172 173
172 174
172 175
172 176
172 177
173 174
173 175
173 176
173 177
174 175
174 176
174 177
175 176
175 177
176 177
